12 11
-303275 -1599128 214911 -8402486 -520356 -4050818 -6706964 -9336186 -1817956 1919352 -2228602 
-316785 -2087680 -1882250 -6228471 -1291781 -4432253 -5005789 -6015326 1863254 2287821 2990937 
-330922 -648295 -751614 -7313529 725970 -1001040 -5339947 -9015386 -1277924 3413630 2969881 
-282116 -579099 1380905 -5570305 4086824 -2430118 -3140521 -12407487 -5967857 1319211 2390381 
-292020 -3028308 -1370987 -4210139 1649486 -1997377 -4727491 -10184438 -2160272 4247425 5197845 
-411274 1865273 89240 -9046610 4174716 -652547 -5592916 -14033867 -4604825 3220631 5138774 
-242157 -5671837 886046 -3143527 705606 -3439021 -3696077 -7709417 -1762798 2796896 2659075 
-388632 229029 129881 -8998498 410120 -3067902 -6801332 -10310864 -1610756 3549094 769940 
-294236 -1775026 1007188 -6069664 1909158 -2996200 -2908466 -9269292 -2671348 486456 2250547 
-194031 -765653 293852 -6156546 1891806 -2219706 -3068313 -6677284 -1974590 -3639742 -1304408 
-280497 2737379 -4347112 -8130213 -1493415 -3277606 -5661082 -6552770 1461400 1085406 1260405 
-340299 -1195049 725447 -7302841 1243171 -5675315 -5145268 -11462753 -2460369 1088613 495425 